1000000000000000000000000000,
1000000000079175551708715274,
1000000000158153903837946257,
1000000000236936036262880196,
1000000000315522921573372069,
1000000000393915525145987602,
1000000000472114805215157978,
1000000000550121712943459312,
1000000000627937192491029810,
1000000000705562181084137268,
1000000000782997609082909351,
1000000000860244400048238898,
1000000000937303470807876289,
1000000001014175731521720677,
1000000001090862085746321732,
1000000001167363430498603315,
1000000001243680656318820312,
1000000001319814647332759691,
1000000001395766281313196627,
1000000001471536429740616381,
1000000001547125957863212448,
1000000001622535724756171269,
1000000001697766583380253701,
1000000001772819380639683201,
1000000001847694957439350562,
1000000001922394148741344865,
1000000001996917783620820123,
1000000002071266685321207000,
1000000002145441671308778766,
1000000002219443553326580536,
1000000002293273137447730714,
1000000002366931224128103346,
1000000002440418608258400030,
1000000002513736079215619839,
1000000002586884420913935572,
1000000002659864411854984565,
1000000002732676825177582095,
1000000002805322428706865331,
1000000002877801985002875644,
1000000002950116251408586949,
1000000003022265980097387650,
1000000003094251918120023627,
1000000003166074807451009595,
1000000003237735385034516037,
1000000003309234382829738808,
1000000003380572527855758393,
1000000003451750542235895695,
1000000003522769143241571114,
1000000003593629043335673582,
1000000003664330950215446102,
1000000003734875566854894261,
1000000003805263591546724039,
1000000003875495717943815211,
1000000003945572635100236468,
1000000004015495027511808328,
1000000004085263575156219812,
1000000004154878953532704765,
1000000004224341833701283597,
1000000004293652882321576158,
1000000004362812761691191350,
1000000004431822129783699001,
1000000004500681640286189459,
1000000004569391942636426248,
1000000004637953682059597074,
1000000004706367499604668374,
1000000004774634032180348552,
1000000004842753912590664903,
1000000004910727769570159235,
1000000004978556227818707070,
1000000005046239908035965222,
1000000005113779426955452540,
1000000005181175397378268462,
1000000005248428428206454010,
1000000005315539124475999751,
1000000005382508087389505206,
1000000005449335914348494113,
1000000005516023198985389892,
1000000005582570531195155575,
1000000005648978497166602432,
1000000005715247679413371444,
1000000005781378656804591712,
1000000005847372004595219844,
1000000005913228294456064283,
1000000005978948094503498507,
1000000006044531969328866955,
1000000006109980480027587488,
1000000006175294184227954125,
1000000006240473636119643770,
1000000006305519386481930552,
1000000006370431982711611382,
1000000006435211968850646270,
1000000006499859885613516871,
1000000006564376270414306730,
1000000006628761657393506584,
1000000006693016577444548094,
1000000006757141558240069277,
1000000006821137124257914908,
1000000006885003796806875073,
1000000006948742094052165050,
1000000007012352531040649627,
1000000007075835619725814915,
1000000007139191868992490695,
1000000007202421784681326287,
1000000007265525869613022867,
1000000007328504623612325153,
1000000007391358543531775311,
1000000007454088123275231904,
1000000007516693853821156670,
1000000007579176223245671878,
1000000007641535716745390957,
1000000007703772816660025079,
1000000007765888002494768329,
1000000007827881750942464045,
1000000007889754535905554913,
1000000007951506828517819323,
1000000008013139097165896490,
1000000008074651807510602798,
1000000008136045422508041783,
1000000008197320402430510158,
1000000008258477204887202245,
1000000008319516284844715115,
1000000008380438094647356774,
1000000008441243084037259619,
1000000008501931700174301437,
1000000008562504387655836125,
1000000008622961588536236324,
1000000008683303742346250114,
1000000008743531286112173869,
1000000008803644654374843395,
1000000008863644279208445392,
1000000008923530590239151272,
1000000008983304014663575373,
1000000009042964977267059505,
1000000009102513900441785827,
1000000009161951204204719966,
1000000009221277306215386279,
1000000009280492621793477151,
1000000009339597563936298181,
1000000009398592543336051086,
1000000009457477968396956129,
1000000009516254245252215861,
1000000009574921777780821942,
1000000009633480967624206760,
1000000009691932214202741592,
1000000009750275914732082986,
1000000009808512464239369028,
1000000009866642255579267166,
1000000009924665679449875210,
1000000009982583124408477109,
1000000010040394976887155106,
1000000010098101621208259840,
1000000010155703439599739931,
1000000010213200812210332586,
1000000010270594117124616733,
1000000010327883730377930177,
1000000010385070025971152244,
1000000010442153375885353361,
1000000010499134150096313024,
1000000010556012716588907553,
1000000010612789441371369043,
1000000010669464688489416886,
1000000010726038820040263233,
1000000010782512196186493739,
1000000010838885175169824929,
1000000010895158113324739488,
1000000010951331365092000772,
1000000011007405283032047846,
1000000011063380217838272275,
1000000011119256518350177948,
1000000011175034531566425160,
1000000011230714602657760176,
1000000011286297074979831462,
1000000011341782290085893805,
1000000011397170587739401474,
1000000011452462305926491579,
1000000011507657780868358802,
1000000011562757347033522598,
1000000011617761337149988016,
1000000011672670082217301219,
1000000011727483911518500818,
1000000011782203152631966084,
1000000011836828131443163102,
1000000011891359172156289942,
1000000011945796597305821848,
1000000012000140727767957524,
1000000012054391882771967477,
1000000012108550379911445472,
1000000012162616535155464050,
1000000012216590662859635112,
1000000012270473075777076530,
1000000012324264085069285747,
1000000012377964000316921287,
1000000012431573129530493155,
1000000012485091779160962996,
1000000012538520254110254976,
1000000012591858857741678240,
1000000012645107891890261872,
1000000012698267656873003228,
1000000012751338451499030498,
1000000012804320573079680371,
1000000012857214317438491659,
1000000012910019978921115695,
1000000012962737850405144363,
1000000013015368223309856554,
1000000013067911387605883890,
1000000013120367631824796485,
1000000013172737243068609553,
1000000013225020507019211652,
1000000013277217707947715318,
1000000013329329128723730871,
1000000013381355050824564143,
1000000013433295754344338876,
1000000013485151518003044532,
1000000013536922619155510237,
1000000013588609333800305597,
1000000013640211936588569081,
1000000013691730700832764691,
1000000013743165898515367617,
1000000013794517800297479554,
1000000013845786675527374380,
1000000013896972792248974855,
1000000013948076417210261020,
1000000013999097815871610946,
1000000014050037252414074493,
1000000014100894989747580713,
1000000014151671289519079548,
1000000014202366412120618444,
1000000014252980616697354502,
1000000014303514161155502800,
1000000014353967302170221464,
1000000014404340295193434124,
1000000014454633394461590334,
1000000014504846853003364537,
1000000014554980922647294184,
1000000014605035854029357558,
1000000014655011896600491882,
1000000014704909298634052283,
1000000014754728307233212158,
1000000014804469168338305494,
1000000014854132126734111701,
1000000014903717426057083481,
1000000014953225308802518272,
1000000015002656016331673799,
1000000015052009788878828253,
1000000015101286865558285606,
1000000015150487484371326590,
1000000015199611882213105818,
1000000015248660294879495575,
1000000015297632957073876761,
1000000015346530102413877471,
1000000015395351963438059699,
1000000015444098771612554646,
1000000015492770757337647112,
1000000015541368149954309419,
1000000015589891177750685357,
1000000015638340067968524580,
1000000015686715046809567945,
1000000015735016339441884188,
1000000015783244170006158447,
1000000015831398761621933006,
1000000015879480336393800741,
1000000015927489115417551681,
1000000015975425318786273105,
1000000016023289165596403599,
1000000016071080873953741499,
1000000016118800660979408115,
1000000016166448742815766155,
1000000016214025334632293755,
1000000016261530650631414500,
1000000016308964904054283846,
1000000016356328307186532328,
1000000016403621071363965932,
1000000016450843406978224029,
1000000016497995523482395247,
1000000016545077629396591637,
1000000016592089932313481533,
1000000016639032638903781446,
1000000016685905954921707380,
1000000016732710085210385903,
1000000016779445233707225354,
1000000016826111603449247521,
1000000016872709396578380147,
1000000016919238814346710603,
1000000016965700057121701072,
1000000017012093324391365593,
1000000017058418814769409273,
1000000017104676726000330021,
1000000017150867254964483131,
1000000017196990597683109018,
1000000017243046949323324453,
1000000017289036504203077600,
1000000017334959455796067168,
1000000017380815996736626004,
1000000017426606318824569415,
1000000017472330613030008543,
1000000017517989069498129080,
1000000017563581877553935633,
1000000017609109225706962029,
1000000017654571301655947851,
1000000017699968292293481503,
1000000017745300383710610088,
1000000017790567761201416374,
1000000017835770609267563142,
1000000017880909111622805195,
1000000017925983451197469286,
1000000017970993810142902264,
1000000018015940369835887686,
1000000018060823310883031179,
1000000018105642813125114801,
1000000018150399055641420686,
1000000018195092216754024201,
1000000018239722474032056911,
1000000018284290004295939569,
1000000018328794983621585414,
1000000018373237587344574003,
1000000018417617990064295840,
1000000018461936365648068049,
1000000018506192887235221305,
1000000018550387727241158310,
1000000018594521057361384012,
1000000018638593048575507813,
1000000018682603871151218019,
1000000018726553694648228732,
1000000018770442687922199432,
1000000018814271019128627481,
1000000018858038855726713746,
1000000018901746364483201594,
1000000018945393711476189463,
1000000018988981062098917230,
1000000019032508581063526585,
1000000019075976432404795643,
1000000019119384779483847985,
1000000019162733784991836346,
1000000019206023610953601168,
1000000019249254418731304205,
1000000019292426369028037391,
1000000019335539621891407188,
1000000019378594336717094581,
1000000019421590672252390959,
1000000019464528786599710033,
1000000019507408837220076029,
1000000019550230980936588320,
1000000019592995373937862689,
1000000019635702171781449432,
1000000019678351529397228463,
1000000019720943601090781625,
1000000019763478540546742376,
1000000019805956500832123050,
1000000019848377634399619849,
1000000019890742093090895767,
1000000019933050028139841613,
1000000019975301590175815296,
1000000020017496929226859581,
1000000020059636194722898437,
1000000020101719535498912200,
1000000020143747099798091677,
1000000020185719035274971385,
1000000020227635488998542076,
1000000020269496607455342719,
1000000020311302536552532106,
1000000020353053421620940223,
1000000020394749407418099573,
1000000020436390638131256590,
1000000020477977257380363298,
1000000020519509408221049399,
1000000020560987233147574896,
1000000020602410874095763456,
1000000020643780472445916617,
1000000020685096169025709028,
1000000020726358104113064837,
1000000020767566417439015395,
1000000020808721248190538424,
1000000020849822735013378765,
1000000020890871016014850891,
1000000020931866228766623286,
1000000020972808510307484860,
1000000021013697997146093523,
1000000021054534825263707061,
1000000021095319130116896449,
1000000021136051046640241741,
1000000021176730709249010667,
1000000021217358251841820063,
1000000021257933807803280285,
1000000021298457510006622716,
1000000021338929490816310513,
1000000021379349882090632705,
1000000021419718815184281790,
1000000021460036420950914938,
1000000021500302829745698932,
1000000021540518171427838973,
1000000021580682575363091474,
1000000021620796170426260951,
1000000021660859085003681151,
1000000021700871446995680519,
1000000021740833383819032127,
1000000021780745022409388199,
1000000021820606489223699321,
1000000021860417910242618463,
1000000021900179410972889943,
1000000021939891116449723415,
1000000021979553151239153027,
